              precision    recall  f1-score   support

           0       1.00      1.00      1.00        64
           1       0.98      0.99      0.98       751
           2       0.98      0.99      0.99       793
           3       0.99      0.97      0.98       444
           4       0.98      0.97      0.97       684
           5       0.93      0.97      0.95       651
           6       1.00      0.84      0.91       141
           7       0.98      0.95      0.97       479
           8       0.94      0.98      0.96       479
           9       0.99      1.00      0.99       477
          10       1.00      0.99      0.99       721
          11       0.95      0.92      0.93       486
          12       1.00      1.00      1.00       757
          13       0.99      1.00      0.99       730
          14       1.00      0.99      1.00       302
          15       0.95      1.00      0.98       230
          16       0.99      1.00      0.99       169
          17       0.99      1.00      1.00       392
          18       0.96      0.88      0.92       416
          19       0.93      1.00      0.96        76
          20       0.86      1.00      0.93       102
          21       0.98      0.93      0.95        85
          22       0.97      0.98      0.98       128
          23       0.93      0.96      0.94       131
          24       1.00      0.93      0.96        97
          25       0.99      0.93      0.96       476
          26       0.85      0.91      0.88       193
          27       0.72      0.75      0.73        71
          28       0.98      0.99      0.99       194
          29       0.99      1.00      0.99        87
          30       0.74      0.86      0.80       153
          31       0.98      0.96      0.97       257
          32       0.81      1.00      0.90        70
          33       1.00      0.99      0.99       223
          34       1.00      0.98      0.99       133
          35       1.00      0.99      0.99       420
          36       1.00      0.97      0.98       128
          37       1.00      1.00      1.00        58
          38       0.98      0.96      0.97       692
          39       0.99      1.00      1.00       105
          40       0.98      0.90      0.94        98
          41       1.00      0.94      0.97        78
          42       0.93      0.98      0.95        91

    accuracy                           0.97     13312
   macro avg       0.96      0.96      0.96     13312
weighted avg       0.97      0.97      0.97     13312
